<svg width="107" height="40" viewBox="0 0 107 40" fill="none" xmlns="http://www.w3.org/2000/svg">
<path d="M23.4103 18.1637C23.3358 18.1715 23.4103 18.1637 22.9291 18.2382C27.6597 16.0344 32.4757 19.4954 33.6335 24.1841C34.9604 29.5494 32.4648 34.8325 27.891 37.7022C23.5686 40.4151 18.0744 40.5921 13.3206 38.933C5.29347 36.1331 -0.228631 28.2674 0.00727714 19.7204L0.323889 21.2197C3.1253 31.2427 16.2539 38.413 25.6654 32.5091C29.4601 30.1283 31.6562 25.345 29.2211 21.1778C28.518 19.9734 26.5159 18.3345 24.967 18.1622C24.4889 18.1094 23.8666 18.111 23.4087 18.1622L23.4103 18.1637Z" fill="#3D3DF9"/>
<path d="M37.467 39.3039C43.2234 32.1367 41.9384 20.7308 34.4498 15.2848C30.0452 12.0829 23.1449 11.3007 19.4883 16.0204C17.7888 18.2134 17.3124 21.5177 19.2214 23.7262L17.8478 22.5405C14.6274 18.6496 16.5767 13.1989 20.3109 10.4626C27.1988 5.41389 37.0433 8.40775 41.5053 15.2025C46.4718 22.7655 44.569 33.4124 37.7293 39.1549C37.6455 39.2248 37.6082 39.335 37.4701 39.3024L37.467 39.3039Z" fill="#3D3DF9"/>
<path d="M31.754 1.02942C31.771 1.16134 31.5863 1.10236 31.5041 1.0946C31.2821 1.07132 31.054 0.979755 30.8258 0.956474C21.0062 -0.0476863 9.71365 9.66644 12.2667 19.961C13.7877 26.0931 22.1298 30.1609 26.103 24.4929C26.2644 24.2632 26.6354 23.5059 26.6354 23.5059C26.37 26.3321 24.087 28.3342 21.4594 29.0466C15.661 30.6203 9.9123 26.9482 7.6867 21.6481C5.01256 15.2801 7.36233 8.34722 12.6252 4.18934C17.9968 -0.0538941 25.2712 -1.00839 31.754 1.02942Z" fill="#3D3DF9"/>
<path d="M39.3201 25.2845L38.4432 23.1582C35.8715 18.4556 30.8352 15.5021 25.4139 15.8653C22.5722 16.0562 19.2571 17.751 18.8473 20.8333C18.8473 20.8333 18.7806 20.5105 18.7759 20.4267C18.3879 14.8828 25.1501 12.963 29.8838 14.4343C34.723 15.9398 38.3873 20.346 39.3216 25.283L39.3201 25.2845Z" fill="#3D3DF9"/>
<path d="M10.4664 31.072C11.7422 31.6757 13.1157 32.1149 14.5187 32.3229C18.585 32.9235 23.1806 31.4879 25.9711 28.4413C28.1253 26.0884 29.2164 22.2332 26.7114 19.7251C26.7114 19.7251 26.8884 19.8027 26.9706 19.8725C29.6541 22.1292 29.7193 26.031 27.8537 28.8417C25.3332 32.6364 19.926 33.9122 15.6439 33.1284C13.8467 32.7994 11.9656 32.1087 10.4664 31.0735V31.072Z" fill="#3D3DF9"/>
<path d="M18.5524 6.74084C15.0899 10.0187 13.5689 15.5595 15.1597 20.11C16.0382 22.6212 17.9114 24.9135 20.4987 25.7485L21.8163 26.0248C21.8163 26.0248 21.1257 26.1288 20.8975 26.0931C10.8963 24.5177 11.4736 13.025 17.8106 7.29492L18.554 6.74084H18.5524Z" fill="#3D3DF9"/>
<path d="M57.44 11.9929L57.6433 11.5599C58.3821 11.577 58.992 11.6934 59.4763 11.9091C59.9605 12.1249 60.3159 12.4182 60.5456 12.7876C60.7753 13.157 60.8886 13.5791 60.8886 14.054C60.8886 14.5631 60.7675 15.0163 60.5254 15.4152C60.2833 15.814 59.9294 16.1275 59.4623 16.3572C58.9951 16.5869 58.41 16.7002 57.7054 16.7002H51.0115L51.7503 11.8005L51.0115 7.15527H57.4633C58.3448 7.15527 59.0308 7.36169 59.5182 7.77298C60.0055 8.18426 60.2492 8.75075 60.2492 9.47245C60.2492 9.86356 60.1576 10.2407 59.976 10.6054C59.7929 10.9701 59.4964 11.2775 59.0851 11.5273C58.6739 11.7772 58.1244 11.9324 57.4369 11.9914L57.44 11.9929ZM53.1517 16.1555L52.3245 15.1125H57.2631C57.7209 15.1125 58.0748 15.0039 58.3262 14.7881C58.5761 14.5724 58.7018 14.2682 58.7018 13.8786C58.7018 13.4891 58.5574 13.1647 58.2688 12.9304C57.9801 12.6976 57.5564 12.5796 56.9961 12.5796H52.9748V11.0276H56.7416C57.1234 11.0276 57.44 10.9189 57.6899 10.7032C57.9397 10.4875 58.0655 10.1833 58.0655 9.79372C58.0655 9.49728 57.9599 9.24895 57.7473 9.04874C57.5347 8.85008 57.2289 8.7492 56.8316 8.7492H52.3261L53.1533 7.70624L53.8284 11.8036L53.1533 16.1555H53.1517Z" fill="#C5E2FF"/>
<path d="M63.8281 11.3954H67.5064C67.9907 11.3954 68.374 11.2836 68.658 11.0586C68.942 10.8335 69.0848 10.5216 69.0848 10.1227C69.0848 9.72382 68.942 9.41497 68.658 9.19303C68.374 8.97264 67.9907 8.86245 67.5064 8.86245H63.51L64.4893 7.75586V16.7033H62.3258V7.15833H67.7594C68.4547 7.15833 69.0662 7.28404 69.5923 7.53392C70.1185 7.78379 70.5298 8.12989 70.8262 8.57067C71.1226 9.01144 71.2716 9.52982 71.2716 10.1227C71.2716 10.7156 71.1226 11.2215 70.8262 11.6623C70.5298 12.1031 70.1169 12.4492 69.5923 12.6991C69.0662 12.9489 68.4547 13.0746 67.7594 13.0746H63.8266V11.3954H63.8281ZM65.4826 12.235H67.9519L71.5541 16.7017H69.0212L65.4826 12.235Z" fill="#C5E2FF"/>
<path d="M78.9992 7.15686L83.4659 16.7018H81.1627L77.2562 8.03531H77.9686L74.0622 16.7018H71.759L76.2257 7.15686H79.0007H78.9992ZM74.2515 14.6919V12.9351H80.8694V14.6919H74.2515Z" fill="#C5E2FF"/>
<path d="M93.3415 15.277L92.5903 15.3918V7.15833H94.6902V16.7033H91.9539L85.8452 8.46979L86.5839 8.35494V16.7033H84.4965V7.15833H87.2963L93.3415 15.2785V15.277Z" fill="#C5E2FF"/>
<path d="M101.168 7.15679C102.28 7.15679 103.253 7.357 104.089 7.75432C104.924 8.15319 105.576 8.70881 106.043 9.42119C106.51 10.1336 106.743 10.9701 106.743 11.9277C106.743 12.8853 106.51 13.711 106.043 14.428C105.576 15.1451 104.926 15.7022 104.089 16.1011C103.254 16.5 102.28 16.6986 101.168 16.6986H96.638V7.15369H101.168V7.15679ZM98.7891 15.8497L97.6949 14.7928H101.334C101.978 14.7928 102.545 14.6748 103.034 14.4358C103.521 14.1983 103.897 13.8631 104.161 13.4301C104.423 12.9971 104.555 12.4973 104.555 11.9277C104.555 11.3581 104.423 10.8475 104.161 10.4191C103.897 9.99079 103.523 9.6571 103.034 9.41964C102.547 9.18219 101.98 9.06268 101.334 9.06268H97.6949L98.7891 8.00575V15.845V15.8497Z" fill="#C5E2FF"/>
<path d="M50.8097 28.8557H52.9981C53.0493 29.1785 53.1905 29.461 53.4249 29.7015C53.6577 29.9436 53.9728 30.1299 54.367 30.2618C54.7612 30.3937 55.2175 30.4589 55.7359 30.4589C56.4901 30.4589 57.0861 30.3503 57.5238 30.1345C57.9599 29.9188 58.1787 29.6146 58.1787 29.225C58.1787 28.9193 58.053 28.6834 57.8032 28.5189C57.5533 28.3528 57.0877 28.2318 56.4094 28.1557L54.488 27.94C53.2495 27.8049 52.3524 27.5132 51.7968 27.0677C51.2412 26.6223 50.9634 26.0015 50.9634 25.2037C50.9634 24.5752 51.1481 24.0413 51.5174 23.6005C51.8868 23.1597 52.4068 22.8229 53.0757 22.5886C53.7462 22.3558 54.5346 22.2394 55.4425 22.2394C56.3505 22.2394 57.1094 22.3682 57.7969 22.6274C58.4845 22.8866 59.0308 23.2466 59.439 23.7091C59.8456 24.1716 60.0676 24.7118 60.1002 25.331H57.9118C57.8699 25.0516 57.7442 24.808 57.5362 24.5985C57.3282 24.3905 57.0411 24.2291 56.6764 24.1142C56.3117 23.9994 55.8833 23.9419 55.3913 23.9419C54.7038 23.9419 54.1574 24.0444 53.7493 24.2477C53.3426 24.451 53.1378 24.7397 53.1378 25.1137C53.1378 25.4024 53.2588 25.6243 53.5009 25.7811C53.7431 25.9379 54.1683 26.0543 54.7798 26.1319L56.7773 26.374C57.6588 26.4671 58.3619 26.6176 58.8834 26.8256C59.4048 27.0336 59.7789 27.3114 60.0039 27.6591C60.229 28.0067 60.3407 28.4475 60.3407 28.9829C60.3407 29.6193 60.1483 30.178 59.7618 30.656C59.3754 31.1356 58.8353 31.5065 58.1399 31.7704C57.4446 32.0327 56.6298 32.1646 55.6971 32.1646C54.7643 32.1646 53.9107 32.0265 53.1905 31.7517C52.4688 31.4755 51.9008 31.0906 51.4849 30.5939C51.0689 30.0973 50.8439 29.5184 50.8097 28.8572V28.8557Z" fill="#C5E2FF"/>
<path d="M66.8965 32.1645C65.7852 32.1645 64.8106 31.9566 63.9756 31.5406C63.139 31.1247 62.4887 30.5458 62.0216 29.8039C61.5544 29.062 61.3216 28.1945 61.3216 27.2012C61.3216 26.2079 61.5544 25.3403 62.0216 24.5984C62.4887 23.8566 63.139 23.2776 63.9756 22.8617C64.8106 22.4458 65.7852 22.2378 66.8965 22.2378C68.0077 22.2378 68.9809 22.4458 69.8174 22.8617C70.6524 23.2776 71.3042 23.8566 71.7714 24.5984C72.2386 25.3403 72.4714 26.2079 72.4714 27.2012C72.4714 28.1945 72.2386 29.062 71.7714 29.8039C71.3042 30.5458 70.6539 31.1262 69.8174 31.5406C68.9809 31.9566 68.0077 32.1645 66.8965 32.1645ZM66.8965 30.2431C67.5918 30.2431 68.1924 30.1205 68.6968 29.8738C69.2012 29.627 69.5924 29.2762 69.8671 28.8168C70.1433 28.359 70.2799 27.8204 70.2799 27.2012C70.2799 26.5819 70.1418 26.0434 69.8671 25.5855C69.5908 25.1277 69.2012 24.7754 68.6968 24.5286C68.1924 24.2834 67.5918 24.1592 66.8965 24.1592C66.2012 24.1592 65.6114 24.2818 65.1023 24.5286C64.5933 24.7754 64.2006 25.1261 63.9259 25.5855C63.6496 26.0434 63.5115 26.5819 63.5115 27.2012C63.5115 27.8204 63.6496 28.359 63.9259 28.8168C64.2022 29.2747 64.5933 29.627 65.1023 29.8738C65.6114 30.1205 66.2089 30.2431 66.8965 30.2431Z" fill="#C5E2FF"/>
<path d="M75.996 27.7863C75.996 28.2954 76.0938 28.733 76.2893 29.0978C76.4849 29.4625 76.7705 29.745 77.1476 29.9436C77.5248 30.1423 77.9811 30.2432 78.5165 30.2432C79.052 30.2432 79.5176 30.1438 79.8916 29.9436C80.2641 29.745 80.5497 29.4625 80.7437 29.0978C80.9392 28.733 81.037 28.2954 81.037 27.7863V22.4287H83.2005V27.8887C83.2005 28.7455 83.005 29.4951 82.6154 30.1345C82.2243 30.7755 81.678 31.2737 80.9734 31.6307C80.2687 31.9876 79.4508 32.1646 78.5165 32.1646C77.5822 32.1646 76.7658 31.9861 76.0659 31.6307C75.3659 31.2737 74.818 30.7755 74.4238 30.1345C74.0296 29.4935 73.8325 28.7455 73.8325 27.8887V22.4287H75.996V27.7863Z" fill="#C5E2FF"/>
<path d="M87.1954 22.4287V31.0192L86.2161 30.0647H93.3818V31.9737H85.0334V22.4287H87.197H87.1954Z" fill="#C5E2FF"/>
</svg>
