<svg width="524" height="50" viewBox="0 0 524 50" fill="none" xmlns="http://www.w3.org/2000/svg">
<path d="M32.2526 26.1946L33.2727 24.0221C36.9792 24.1077 40.0394 24.6917 42.4688 25.7741C44.8983 26.8564 46.6815 28.3281 47.8339 30.1814C48.9863 32.0346 49.5547 34.1526 49.5547 36.5354C49.5547 39.0894 48.9474 41.3631 47.7327 43.3643C46.5179 45.3655 44.7425 46.9384 42.3987 48.0909C40.0549 49.2433 37.1193 49.8118 33.5841 49.8118H0L3.70645 25.229L0 1.92334H32.3694C36.7923 1.92334 40.2341 2.95896 42.6791 5.02244C45.1241 7.08593 46.3466 9.9281 46.3466 13.5489C46.3466 15.5112 45.8872 17.4034 44.9761 19.2332C44.0573 21.0631 42.57 22.6049 40.5066 23.8586C38.4431 25.1122 35.6866 25.8909 32.2371 26.1868L32.2526 26.1946ZM10.7379 47.0786L6.58755 41.8459H31.3649C33.662 41.8459 35.4374 41.3008 36.6988 40.2185C37.9525 39.1361 38.5833 37.6099 38.5833 35.6555C38.5833 33.701 37.8591 32.0736 36.4107 30.8978C34.9624 29.7298 32.8367 29.138 30.0256 29.138H9.85019V21.3512H28.7486C30.6641 21.3512 32.2526 20.8062 33.5063 19.7238C34.76 18.6414 35.3907 17.1153 35.3907 15.1608C35.3907 13.6735 34.8612 12.4276 33.7944 11.4231C32.7276 10.4264 31.1937 9.92031 29.2003 9.92031H6.59534L10.7457 4.68762L14.1329 25.2446L10.7457 47.0786H10.7379Z" fill="#C5E2FF"/>
<path d="M64.3028 23.1967H82.7574C85.1868 23.1967 87.1102 22.6361 88.5351 21.507C89.9601 20.378 90.6765 18.8128 90.6765 16.8116C90.6765 14.8104 89.9601 13.2609 88.5351 12.1474C87.1102 11.0416 85.1868 10.4888 82.7574 10.4888H62.7065L67.62 4.93686V49.8274H56.7653V1.93896H84.0266C87.5151 1.93896 90.5831 2.5697 93.2228 3.82336C95.8625 5.07703 97.926 6.81347 99.4132 9.0249C100.9 11.2363 101.648 13.8371 101.648 16.8116C101.648 19.7862 100.9 22.3246 99.4132 24.5361C97.926 26.7475 95.8547 28.484 93.2228 29.7376C90.5831 30.9913 87.5151 31.622 84.0266 31.622H64.295V23.1967H64.3028ZM72.6035 27.4094H84.9922L103.065 49.8196H90.3572L72.6035 27.4094Z" fill="#C5E2FF"/>
<path d="M140.418 1.93115L162.828 49.8196H151.273L131.674 6.33845H135.248L115.649 49.8196H104.093L126.503 1.93115H140.426H140.418ZM116.599 39.7358V30.9212H149.801V39.7358H116.599Z" fill="#C5E2FF"/>
<path d="M212.375 42.6714L208.607 43.2476V1.93896H219.142V49.8274H205.414L174.765 8.51876L178.472 7.94253V49.8274H167.999V1.93896H182.046L212.375 42.6792V42.6714Z" fill="#C5E2FF"/>
<path d="M251.644 1.93109C257.219 1.93109 262.101 2.93559 266.298 4.92899C270.488 6.93018 273.758 9.71782 276.102 13.2919C278.446 16.866 279.614 21.0631 279.614 25.8675C279.614 30.6719 278.446 34.8145 276.102 38.4119C273.758 42.0094 270.496 44.8049 266.298 46.806C262.109 48.8072 257.219 49.8039 251.644 49.8039H228.914V1.91553H251.644V1.93109ZM239.707 45.5446L234.217 40.2418H252.477C255.709 40.2418 258.551 39.65 261.004 38.4509C263.449 37.2595 265.333 35.5776 266.657 33.4051C267.973 31.2326 268.635 28.7253 268.635 25.8675C268.635 23.0098 267.973 20.448 266.657 18.2988C265.333 16.1497 263.456 14.4755 261.004 13.2842C258.558 12.0928 255.716 11.4932 252.477 11.4932H234.217L239.707 6.19044V45.5212V45.5446Z" fill="#C5E2FF"/>
<path d="M309.827 33.2026H320.806C321.063 34.8223 321.772 36.2395 322.947 37.4464C324.115 38.6612 325.696 39.5955 327.674 40.2574C329.652 40.9193 331.941 41.2464 334.542 41.2464C338.326 41.2464 341.316 40.7013 343.512 39.6189C345.7 38.5366 346.798 37.0104 346.798 35.0559C346.798 33.5219 346.167 32.3383 344.914 31.5129C343.66 30.6798 341.324 30.0724 337.921 29.6908L328.281 28.6085C322.068 27.931 317.567 26.4671 314.779 24.2323C311.992 21.9975 310.598 18.8828 310.598 14.8805C310.598 11.7268 311.524 9.0482 313.378 6.83677C315.231 4.62534 317.839 2.93562 321.195 1.75983C324.559 0.591818 328.515 0.0078125 333.07 0.0078125C337.625 0.0078125 341.433 0.654112 344.883 1.9545C348.332 3.25488 351.073 5.06138 353.121 7.38183C355.161 9.70227 356.275 12.4121 356.438 15.519H345.459C345.249 14.1174 344.618 12.8948 343.575 11.8436C342.531 10.8002 341.091 9.9904 339.261 9.41418C337.431 8.83796 335.282 8.54984 332.813 8.54984C329.364 8.54984 326.623 9.06376 324.575 10.0838C322.535 11.1039 321.507 12.5522 321.507 14.4288C321.507 15.8772 322.114 16.9907 323.329 17.7771C324.544 18.5636 326.677 19.1476 329.745 19.5369L339.767 20.7517C344.19 21.2189 347.717 21.9742 350.333 23.0176C352.95 24.061 354.826 25.4548 355.955 27.1991C357.085 28.9433 357.645 31.1547 357.645 33.8412C357.645 37.0337 356.68 39.8369 354.741 42.2353C352.802 44.6414 350.092 46.5024 346.604 47.8261C343.115 49.1421 339.027 49.804 334.347 49.804C329.667 49.804 325.385 49.1109 321.772 47.7327C318.151 46.3467 315.301 44.4156 313.214 41.9238C311.127 39.432 309.998 36.5276 309.827 33.2104V33.2026Z" fill="#C5E2FF"/>
<path d="M390.536 49.8039C384.961 49.8039 380.071 48.7605 375.882 46.6737C371.685 44.5868 368.422 41.6824 366.078 37.9603C363.734 34.2383 362.566 29.8855 362.566 24.902C362.566 19.9185 363.734 15.5657 366.078 11.8436C368.422 8.12156 371.685 5.2171 375.882 3.13026C380.071 1.04341 384.961 0 390.536 0C396.112 0 400.994 1.04341 405.191 3.13026C409.38 5.2171 412.651 8.12156 414.994 11.8436C417.338 15.5657 418.506 19.9185 418.506 24.902C418.506 29.8855 417.338 34.2383 414.994 37.9603C412.651 41.6824 409.388 44.5946 405.191 46.6737C400.994 48.7605 396.112 49.8039 390.536 49.8039ZM390.536 40.164C394.025 40.164 397.038 39.5488 399.569 38.3107C402.1 37.0726 404.062 35.3128 405.44 33.008C406.826 30.7109 407.511 28.0089 407.511 24.902C407.511 21.7951 406.818 19.0931 405.44 16.796C404.054 14.4989 402.1 12.7313 399.569 11.4932C397.038 10.2629 394.025 9.63998 390.536 9.63998C387.048 9.63998 384.089 10.2551 381.535 11.4932C378.981 12.7313 377.011 14.4911 375.632 16.796C374.246 19.0931 373.553 21.7951 373.553 24.902C373.553 28.0089 374.246 30.7109 375.632 33.008C377.018 35.305 378.981 37.0726 381.535 38.3107C384.089 39.5488 387.087 40.164 390.536 40.164Z" fill="#C5E2FF"/>
<path d="M436.19 27.8376C436.19 30.3916 436.68 32.5875 437.662 34.4174C438.643 36.2472 440.075 37.6644 441.968 38.6611C443.86 39.6578 446.149 40.164 448.836 40.164C451.522 40.164 453.858 39.6656 455.735 38.6611C457.603 37.6644 459.036 36.2472 460.009 34.4174C460.991 32.5875 461.481 30.3916 461.481 27.8376V0.957764H472.336V28.3515C472.336 32.6498 471.355 36.4108 469.4 39.6189C467.438 42.8348 464.697 45.3344 461.162 47.1253C457.627 48.9163 453.523 49.804 448.836 49.804C444.148 49.804 440.052 48.9085 436.54 47.1253C433.028 45.3344 430.28 42.8348 428.302 39.6189C426.324 36.403 425.335 32.6498 425.335 28.3515V0.957764H436.19V27.8376Z" fill="#C5E2FF"/>
<path d="M492.379 0.957764V44.0573L487.466 39.2685H523.417V48.8462H481.532V0.957764H492.387H492.379Z" fill="#C5E2FF"/>
</svg>
