<svg width="161" height="60" viewBox="0 0 161 60" fill="none" xmlns="http://www.w3.org/2000/svg">
<path d="M35.1154 27.2456C35.0037 27.2573 35.1154 27.2456 34.3937 27.3574C41.4896 24.0515 48.7135 29.2431 50.4502 36.2761C52.4407 44.3241 48.6972 52.2487 41.8365 56.5533C35.3529 60.6227 27.1116 60.8881 19.9808 58.3994C7.94021 54.1996 -0.342946 42.4011 0.0109157 29.5806L0.485834 31.8295C4.68794 46.864 24.3808 57.6195 38.498 48.7637C44.1901 45.1925 47.4843 38.0174 43.8316 31.7667C42.777 29.9601 39.7738 27.5017 37.4504 27.2433C36.7334 27.1641 35.7998 27.1665 35.1131 27.2433L35.1154 27.2456Z" fill="#3D3DF9"/>
<path d="M56.2004 58.9559C64.8351 48.205 62.9075 31.0962 51.6747 22.9272C45.0678 18.1244 34.7173 16.9511 29.2324 24.0307C26.6832 27.3202 25.9685 32.2766 28.832 35.5894L26.7717 33.8107C21.941 27.9743 24.865 19.7983 30.4663 15.6939C40.7981 8.12084 55.5649 12.6116 62.258 22.8038C69.7077 34.1483 66.8535 50.1187 56.5939 58.7324C56.4682 58.8372 56.4123 59.0024 56.2051 58.9536L56.2004 58.9559Z" fill="#3D3DF9"/>
<path d="M47.6309 1.54413C47.6566 1.74201 47.3795 1.65355 47.2561 1.64191C46.9232 1.60699 46.581 1.46963 46.2388 1.43471C31.5093 -0.0715294 14.5705 14.4997 18.4001 29.9415C20.6816 39.1396 33.1948 45.2414 39.1546 36.7394C39.3967 36.3949 39.9531 35.2588 39.9531 35.2588C39.555 39.4981 36.1304 42.5013 32.1891 43.5699C23.4915 45.9305 14.8685 40.4224 11.53 32.4721C7.51884 22.9202 11.0435 12.5208 18.9379 6.28402C26.9952 -0.0808411 37.9067 -1.51259 47.6309 1.54413Z" fill="#3D3DF9"/>
<path d="M58.9801 37.9267L57.6648 34.7373C53.8072 27.6833 46.2528 23.2531 38.1209 23.7978C33.8583 24.0842 28.8856 26.6264 28.271 31.2499C28.271 31.2499 28.1709 30.7657 28.1639 30.6399C27.5819 22.3242 37.7251 19.4444 44.8257 21.6514C52.0845 23.9096 57.581 30.5189 58.9825 37.9244L58.9801 37.9267Z" fill="#3D3DF9"/>
<path d="M15.6996 46.6079C17.6132 47.5135 19.6735 48.1724 21.7781 48.4843C27.8776 49.3853 34.7709 47.2318 38.9567 42.6619C42.188 39.1326 43.8246 33.3498 40.0672 29.5876C40.0672 29.5876 40.3326 29.7041 40.4559 29.8088C44.4811 33.1938 44.5789 39.0465 41.7806 43.2625C37.9999 48.9546 29.889 50.8682 23.4659 49.6926C20.77 49.199 17.9485 48.1631 15.6996 46.6103V46.6079Z" fill="#3D3DF9"/>
<path d="M27.8287 10.1113C22.6348 15.0281 20.3533 23.3392 22.7396 30.1651C24.0572 33.9318 26.8672 37.3703 30.748 38.6228L32.7245 39.0372C32.7245 39.0372 31.6885 39.1932 31.3463 39.1396C16.3444 36.7767 17.2105 19.5376 26.7159 10.9424L27.831 10.1113H27.8287Z" fill="#3D3DF9"/>
<path d="M86.16 17.9894L86.465 17.3399C87.5731 17.3655 88.488 17.5401 89.2144 17.8637C89.9407 18.1873 90.4738 18.6273 90.8184 19.1814C91.1629 19.7354 91.3329 20.3687 91.3329 21.081C91.3329 21.8446 91.1513 22.5244 90.7881 23.1227C90.425 23.721 89.8942 24.1913 89.1934 24.5358C88.4927 24.8804 87.615 25.0503 86.5581 25.0503H76.5173L77.6254 17.7007L76.5173 10.7329H86.1949C87.5172 10.7329 88.5462 11.0425 89.2772 11.6595C90.0082 12.2764 90.3737 13.1261 90.3737 14.2087C90.3737 14.7953 90.2364 15.361 89.964 15.9081C89.6893 16.4552 89.2446 16.9162 88.6277 17.291C88.0108 17.6658 87.1867 17.8986 86.1553 17.9871L86.16 17.9894ZM79.7276 24.2332L78.4868 22.6688H85.8946C86.5814 22.6688 87.1121 22.5058 87.4893 22.1822C87.8641 21.8586 88.0527 21.4023 88.0527 20.818C88.0527 20.2336 87.8362 19.7471 87.4032 19.3955C86.9701 19.0463 86.3346 18.8694 85.4942 18.8694H79.4622V16.5414H85.1124C85.6851 16.5414 86.16 16.3784 86.5348 16.0548C86.9096 15.7312 87.0982 15.2749 87.0982 14.6906C87.0982 14.2459 86.9399 13.8734 86.6209 13.5731C86.302 13.2751 85.8434 13.1238 85.2474 13.1238H78.4891L79.7299 11.5594L80.7426 17.7054L79.7299 24.2332H79.7276Z" fill="#C5E2FF"/>
<path d="M95.7422 17.0931H101.26C101.986 17.0931 102.561 16.9255 102.987 16.5879C103.413 16.2503 103.627 15.7824 103.627 15.1841C103.627 14.5858 103.413 14.1225 102.987 13.7896C102.561 13.459 101.986 13.2937 101.26 13.2937H95.2649L96.7339 11.6338V25.055H93.4886V10.7375H101.639C102.682 10.7375 103.599 10.9261 104.389 11.3009C105.178 11.6758 105.795 12.1949 106.239 12.8561C106.684 13.5172 106.907 14.2948 106.907 15.1841C106.907 16.0734 106.684 16.8324 106.239 17.4935C105.795 18.1547 105.175 18.6738 104.389 19.0486C103.599 19.4235 102.682 19.612 101.639 19.612H95.7399V17.0931H95.7422ZM98.2239 18.3526H101.928L107.331 25.0527H103.532L98.2239 18.3526Z" fill="#C5E2FF"/>
<path d="M118.499 10.7354L125.199 25.0528H121.744L115.884 12.053H116.953L111.093 25.0528H107.638L114.339 10.7354H118.501H118.499ZM111.377 22.038V19.4026H121.304V22.038H111.377Z" fill="#C5E2FF"/>
<path d="M140.012 22.9155L138.885 23.0878V10.7375H142.035V25.055H137.931L128.768 12.7047L129.876 12.5325V25.055H126.745V10.7375H130.944L140.012 22.9178V22.9155Z" fill="#C5E2FF"/>
<path d="M151.752 10.7351C153.419 10.7351 154.879 11.0354 156.134 11.6314C157.386 12.2297 158.364 13.0632 159.065 14.1317C159.766 15.2003 160.115 16.4551 160.115 17.8915C160.115 19.3279 159.766 20.5664 159.065 21.642C158.364 22.7175 157.389 23.5533 156.134 24.1516C154.881 24.7499 153.419 25.0479 151.752 25.0479H144.957V10.7305H151.752V10.7351ZM148.184 23.7745L146.542 22.1891H152.002C152.968 22.1891 153.817 22.0121 154.551 21.6536C155.282 21.2974 155.845 20.7946 156.241 20.1451C156.634 19.4955 156.832 18.7459 156.832 17.8915C156.832 17.0371 156.634 16.2712 156.241 15.6287C155.845 14.9861 155.284 14.4856 154.551 14.1294C153.82 13.7732 152.97 13.594 152.002 13.594H146.542L148.184 12.0086V23.7675V23.7745Z" fill="#C5E2FF"/>
<path d="M76.2146 43.2836H79.4971C79.574 43.7678 79.7858 44.1915 80.1373 44.5523C80.4865 44.9155 80.9591 45.1949 81.5505 45.3928C82.1418 45.5906 82.8262 45.6884 83.6038 45.6884C84.7352 45.6884 85.6292 45.5255 86.2857 45.2019C86.9399 44.8783 87.2681 44.422 87.2681 43.8376C87.2681 43.379 87.0795 43.0251 86.7047 42.7784C86.3299 42.5293 85.6315 42.3477 84.6142 42.2336L81.732 41.91C79.8743 41.7075 78.5287 41.2698 77.6952 40.6017C76.8618 39.9335 76.4451 39.0023 76.4451 37.8057C76.4451 36.8628 76.7221 36.062 77.2762 35.4008C77.8302 34.7397 78.6101 34.2345 79.6135 33.8829C80.6192 33.5337 81.8019 33.3591 83.1638 33.3591C84.5257 33.3591 85.6641 33.5524 86.6954 33.9411C87.7267 34.3299 88.5462 34.87 89.1585 35.5638C89.7684 36.2575 90.1013 37.0677 90.1502 37.9966H86.8677C86.8048 37.5775 86.6163 37.212 86.3043 36.8977C85.9924 36.5858 85.5617 36.3437 85.0146 36.1714C84.4675 35.9991 83.8249 35.913 83.087 35.913C82.0556 35.913 81.2362 36.0666 80.6239 36.3716C80.0139 36.6766 79.7066 37.1096 79.7066 37.6707C79.7066 38.1037 79.8882 38.4366 80.2514 38.6717C80.6146 38.9068 81.2525 39.0814 82.1697 39.1978L85.1659 39.561C86.4882 39.7007 87.5428 39.9265 88.325 40.2385C89.1073 40.5504 89.6683 40.9672 90.0059 41.4886C90.3435 42.0101 90.5111 42.6713 90.5111 43.4745C90.5111 44.4289 90.2224 45.267 89.6427 45.9841C89.063 46.7034 88.2529 47.2598 87.2099 47.6556C86.167 48.049 84.9447 48.2469 83.5456 48.2469C82.1464 48.2469 80.866 48.0397 79.7858 47.6277C78.7033 47.2133 77.8512 46.6359 77.2273 45.891C76.6034 45.146 76.2658 44.2776 76.2146 43.2859V43.2836Z" fill="#C5E2FF"/>
<path d="M100.345 48.2468C98.6779 48.2468 97.2158 47.9349 95.9634 47.311C94.7085 46.687 93.7331 45.8187 93.0324 44.7059C92.3316 43.5931 91.9824 42.2917 91.9824 40.8018C91.9824 39.3118 92.3316 38.0104 93.0324 36.8976C93.7331 35.7848 94.7085 34.9165 95.9634 34.2926C97.2158 33.6686 98.6779 33.3567 100.345 33.3567C102.012 33.3567 103.471 33.6686 104.726 34.2926C105.979 34.9165 106.956 35.7848 107.657 36.8976C108.358 38.0104 108.707 39.3118 108.707 40.8018C108.707 42.2917 108.358 43.5931 107.657 44.7059C106.956 45.8187 105.981 46.6894 104.726 47.311C103.471 47.9349 102.012 48.2468 100.345 48.2468ZM100.345 45.3647C101.388 45.3647 102.289 45.1808 103.045 44.8106C103.802 44.4405 104.389 43.9143 104.801 43.2252C105.215 42.5385 105.42 41.7306 105.42 40.8018C105.42 39.8729 105.213 39.065 104.801 38.3783C104.386 37.6915 103.802 37.163 103.045 36.7929C102.289 36.425 101.388 36.2388 100.345 36.2388C99.3018 36.2388 98.4171 36.4227 97.6535 36.7929C96.8899 37.163 96.3009 37.6892 95.8889 38.3783C95.4745 39.065 95.2673 39.8729 95.2673 40.8018C95.2673 41.7306 95.4745 42.5385 95.8889 43.2252C96.3033 43.912 96.8899 44.4405 97.6535 44.8106C98.4171 45.1808 99.3134 45.3647 100.345 45.3647Z" fill="#C5E2FF"/>
<path d="M113.994 41.6795C113.994 42.4431 114.141 43.0996 114.434 43.6466C114.727 44.1937 115.156 44.6174 115.721 44.9154C116.287 45.2134 116.972 45.3647 117.775 45.3647C118.578 45.3647 119.276 45.2157 119.837 44.9154C120.396 44.6174 120.824 44.1937 121.115 43.6466C121.409 43.0996 121.555 42.4431 121.555 41.6795V33.6431H124.801V41.8331C124.801 43.1182 124.507 44.2426 123.923 45.2018C123.336 46.1633 122.517 46.9106 121.46 47.446C120.403 47.9815 119.176 48.2469 117.775 48.2469C116.373 48.2469 115.149 47.9791 114.099 47.446C113.049 46.9106 112.227 46.1633 111.636 45.2018C111.044 44.2403 110.749 43.1182 110.749 41.8331V33.6431H113.994V41.6795Z" fill="#C5E2FF"/>
<path d="M130.793 33.6431V46.5288L129.324 45.097H140.073V47.9605H127.55V33.6431H130.795H130.793Z" fill="#C5E2FF"/>
</svg>
